geneID	baseMean	log2FoldChange	lfcSE	stat	pvalue	padj	PSC.0228	PSC.0187	PSC.0188	PSC.0174	PSC.0190	PSC.0231	PSC.0230	PSC.0219	PSC.0177	PSC.0186	PSC.0209	PSC.0203	V2	uniprot_accession_ID	gene	V5	V6	V7	V8	V9	V10	V11	V12	V13	V14	GO_ID	biolodical_process	V4
g16982	22.7019889801797	5.44286877933906	1.26892592136529	4.28935108637616	1.79195913983545e-05	0.00987929473280531	NA	NA	NA	NA	NA	NA	NA	NA	NA	NA	NA	NA	NA	NA	NA	NA	NA	NA	NA	NA	NA	NA	NA	NA	NA	NA	NA	NA
g535	253.638074523758	4.03466486005345	1.027429780051	3.92694949902385	8.60300355975943e-05	0.0261679635864269	NA	NA	NA	NA	NA	NA	NA	NA	NA	NA	NA	NA	NA	NA	NA	NA	NA	NA	NA	NA	NA	NA	NA	NA	NA	NA	NA	NA
g13468	209.213439373732	5.37796409336257	1.0939427793813	4.9161292480071	8.82721309784331e-07	0.00127829937478923	NA	NA	NA	NA	NA	NA	NA	NA	NA	NA	NA	NA	NA	NA	NA	NA	NA	NA	NA	NA	NA	NA	NA	NA	NA	NA	NA	NA
g1823	43.6163526479419	4.97595395746843	1.29926854405125	3.82981176620572	0.000128241316982289	0.0341751183089063	NA	NA	NA	NA	NA	NA	NA	NA	NA	NA	NA	NA	NA	NA	NA	NA	NA	NA	NA	NA	NA	NA	NA	NA	NA	NA	NA	NA
g15793	102.357223222121	3.04769853850776	0.697660543070425	4.36845478618404	1.25128715010039e-05	0.00761214065588655	NA	NA	NA	NA	NA	NA	NA	NA	NA	NA	NA	NA	NA	NA	NA	NA	NA	NA	NA	NA	NA	NA	NA	NA	NA	NA	NA	NA
g22586	57.0343271129947	4.18791033934127	0.787771724394894	5.3161470634886	1.05987499420303e-07	0.000207759051641442	NA	NA	NA	NA	NA	NA	NA	NA	NA	NA	NA	NA	NA	NA	NA	NA	NA	NA	NA	NA	NA	NA	NA	NA	NA	NA	NA	NA
g21696	171.257787343337	-1.20261129791549	0.304509278916517	-3.94934204367937	7.83663037594245e-05	0.0242550584372591	NA	NA	NA	NA	NA	NA	NA	NA	NA	NA	NA	NA	NA	NA	NA	NA	NA	NA	NA	NA	NA	NA	NA	NA	NA	NA	NA	NA
g17719	257.808406307487	2.24648269654317	0.540962725764269	4.1527495140619	3.28504257972843e-05	0.0148601849209151	NA	NA	NA	NA	NA	NA	NA	NA	NA	NA	NA	NA	NA	NA	NA	NA	NA	NA	NA	NA	NA	NA	NA	NA	NA	NA	NA	NA
g23108	2272.43899651403	-1.84112892675309	0.43936496540468	-4.19043180891155	2.7842408307124e-05	0.0137487420029942	NA	NA	NA	NA	NA	NA	NA	NA	NA	NA	NA	NA	NA	NA	NA	NA	NA	NA	NA	NA	NA	NA	NA	NA	NA	NA	NA	NA
g23104	1419.44142174146	-1.98646408313956	0.484467569608862	-4.10030352443064	4.12608613406029e-05	0.0177542467261199	NA	NA	NA	NA	NA	NA	NA	NA	NA	NA	NA	NA	NA	NA	NA	NA	NA	NA	NA	NA	NA	NA	NA	NA	NA	NA	NA	NA
g23106	569.537915495541	-1.85148151593552	0.497419312772882	-3.72217456860364	0.000197514387842537	0.0436191347422775	NA	NA	NA	NA	NA	NA	NA	NA	NA	NA	NA	NA	NA	NA	NA	NA	NA	NA	NA	NA	NA	NA	NA	NA	NA	NA	NA	NA
g23101	59.7308244061243	-2.26163644351455	0.548169680092313	-4.12579631024775	3.69454157763183e-05	0.0162947756281452	NA	NA	NA	NA	NA	NA	NA	NA	NA	NA	NA	NA	NA	NA	NA	NA	NA	NA	NA	NA	NA	NA	NA	NA	NA	NA	NA	NA
g23103	296.431913361404	-2.02293885045202	0.495823356522792	-4.07995876724906	4.50436898993868e-05	0.0184804831908135	NA	NA	NA	NA	NA	NA	NA	NA	NA	NA	NA	NA	NA	NA	NA	NA	NA	NA	NA	NA	NA	NA	NA	NA	NA	NA	NA	NA
g23102	943.562335968723	-2.0035710005568	0.538331859854839	-3.72181390322516	0.000197796779241707	0.0436191347422775	NA	NA	NA	NA	NA	NA	NA	NA	NA	NA	NA	NA	NA	NA	NA	NA	NA	NA	NA	NA	NA	NA	NA	NA	NA	NA	NA	NA
g11899	732.598852502867	1.84371441058414	0.420748714835755	4.3819846515844	1.17603095801871e-05	0.00761214065588655	NA	NA	NA	NA	NA	NA	NA	NA	NA	NA	NA	NA	NA	NA	NA	NA	NA	NA	NA	NA	NA	NA	NA	NA	NA	NA	NA	NA
g11893	55.1815382746543	6.98655962614392	1.22739675152139	5.69217705479819	1.25429685852465e-08	3.6880508630153e-05	NA	NA	NA	NA	NA	NA	NA	NA	NA	NA	NA	NA	NA	NA	NA	NA	NA	NA	NA	NA	NA	NA	NA	NA	NA	NA	NA	NA
g7620	209095.962366829	-0.748302297141748	0.162686581125864	-4.59965592714014	4.23189331419249e-06	0.00392942430784126	NA	NA	NA	NA	NA	NA	NA	NA	NA	NA	NA	NA	NA	NA	NA	NA	NA	NA	NA	NA	NA	NA	NA	NA	NA	NA	NA	NA
g2330	14.0416286761662	6.11344659691615	1.4188380496522	4.30876984051475	1.64165097167945e-05	0.00934258272334479	NA	NA	NA	NA	NA	NA	NA	NA	NA	NA	NA	NA	NA	NA	NA	NA	NA	NA	NA	NA	NA	NA	NA	NA	NA	NA	NA	NA
g1326	5403.39455051727	4.37022652264027	1.04307573473382	4.18974996456562	2.79262000800471e-05	0.0137487420029942	NA	NA	NA	NA	NA	NA	NA	NA	NA	NA	NA	NA	NA	NA	NA	NA	NA	NA	NA	NA	NA	NA	NA	NA	NA	NA	NA	NA
g22158	202.139141631619	24.503691764864	3.00697610038729	8.14894796194356	3.67103869086594e-16	3.23822322921284e-12	NA	NA	NA	NA	NA	NA	NA	NA	NA	NA	NA	NA	NA	NA	NA	NA	NA	NA	NA	NA	NA	NA	NA	NA	NA	NA	NA	NA
g1748	675.381413195184	-1.64598590595906	0.37630377557221	-4.37408820428699	1.21941070958716e-05	0.00761214065588655	NA	NA	NA	NA	NA	NA	NA	NA	NA	NA	NA	NA	NA	NA	NA	NA	NA	NA	NA	NA	NA	NA	NA	NA	NA	NA	NA	NA
g3035	8.19988784354594	6.30428727244324	1.15518668771339	5.45737527924783	4.8322434475559e-08	0.000106563048627227	NA	NA	NA	NA	NA	NA	NA	NA	NA	NA	NA	NA	NA	NA	NA	NA	NA	NA	NA	NA	NA	NA	NA	NA	NA	NA	NA	NA
g10608	2336.35353985608	5.91180833809218	1.29557957171447	4.5630607854282	5.04132109812047e-06	0.00423518984824007	NA	NA	NA	NA	NA	NA	NA	NA	NA	NA	NA	NA	NA	NA	NA	NA	NA	NA	NA	NA	NA	NA	NA	NA	NA	NA	NA	NA
g12294	25.38270848506	-8.18483941213638	2.13878774407303	-3.82685913308511	0.000129788738617885	0.0341751183089063	NA	NA	NA	NA	NA	NA	NA	NA	NA	NA	NA	NA	NA	NA	NA	NA	NA	NA	NA	NA	NA	NA	NA	NA	NA	NA	NA	NA
g1623	360.071318369147	1.74237593060607	0.43156860282528	4.03730929265832	5.40677655192108e-05	0.0195090322938929	NA	NA	NA	NA	NA	NA	NA	NA	NA	NA	NA	NA	NA	NA	NA	NA	NA	NA	NA	NA	NA	NA	NA	NA	NA	NA	NA	NA
g746	7423.32741166091	-1.193557773207	0.317839104734735	-3.75522632497699	0.000173184909019625	0.0412882184449219	NA	NA	NA	NA	NA	NA	NA	NA	NA	NA	NA	NA	NA	NA	NA	NA	NA	NA	NA	NA	NA	NA	NA	NA	NA	NA	NA	NA
g17488	15.408525932344	5.31545975102021	1.08611326596745	4.89401972849072	9.87969283995381e-07	0.00127829937478923	NA	NA	NA	NA	NA	NA	NA	NA	NA	NA	NA	NA	NA	NA	NA	NA	NA	NA	NA	NA	NA	NA	NA	NA	NA	NA	NA	NA
g8824	135.212664224779	-1.1417755916252	0.309573141711965	-3.68822561709032	0.000225823370748083	0.0490421425433372	NA	NA	NA	NA	NA	NA	NA	NA	NA	NA	NA	NA	NA	NA	NA	NA	NA	NA	NA	NA	NA	NA	NA	NA	NA	NA	NA	NA
g12314	32.7453403547432	7.15836002462227	1.25480653305284	5.70475195662756	1.16512631185659e-08	3.6880508630153e-05	NA	NA	NA	NA	NA	NA	NA	NA	NA	NA	NA	NA	NA	NA	NA	NA	NA	NA	NA	NA	NA	NA	NA	NA	NA	NA	NA	NA
g1188	33.4949408833694	7.57526070492696	1.98969991308866	3.80723779254113	0.000140527608811588	0.0359302619515077	NA	NA	NA	NA	NA	NA	NA	NA	NA	NA	NA	NA	NA	NA	NA	NA	NA	NA	NA	NA	NA	NA	NA	NA	NA	NA	NA	NA
g623	202.085298661066	-2.37497147080329	0.47751523562279	-4.97360354943604	6.57196432004964e-07	0.0010540235866756	NA	NA	NA	NA	NA	NA	NA	NA	NA	NA	NA	NA	NA	NA	NA	NA	NA	NA	NA	NA	NA	NA	NA	NA	NA	NA	NA	NA
g1077	65.9860569439385	23.0606389986905	3.01045578064779	7.66018193887184	1.85669863913447e-14	8.18896934790258e-11	NA	NA	NA	NA	NA	NA	NA	NA	NA	NA	NA	NA	NA	NA	NA	NA	NA	NA	NA	NA	NA	NA	NA	NA	NA	NA	NA	NA
g9649	9819.92197898613	-2.21509706586806	0.547439495186298	-4.04628654919069	5.20365293989643e-05	0.0195090322938929	NA	NA	NA	NA	NA	NA	NA	NA	NA	NA	NA	NA	NA	NA	NA	NA	NA	NA	NA	NA	NA	NA	NA	NA	NA	NA	NA	NA
g20615	18.4422278510491	-4.87759542947946	1.01698173506904	-4.79614850619547	1.6174538687387e-06	0.00190234141015255	NA	NA	NA	NA	NA	NA	NA	NA	NA	NA	NA	NA	NA	NA	NA	NA	NA	NA	NA	NA	NA	NA	NA	NA	NA	NA	NA	NA
g3945	11.5761019676544	6.22225787140184	1.42770485041403	4.35822422932682	1.31122007149433e-05	0.00771084816710099	NA	NA	NA	NA	NA	NA	NA	NA	NA	NA	NA	NA	NA	NA	NA	NA	NA	NA	NA	NA	NA	NA	NA	NA	NA	NA	NA	NA
g20804	31.9616028919786	7.96525254253989	1.75755273172393	4.53201340634998	5.84241410321932e-06	0.00448122160704278	NA	NA	NA	NA	NA	NA	NA	NA	NA	NA	NA	NA	NA	NA	NA	NA	NA	NA	NA	NA	NA	NA	NA	NA	NA	NA	NA	NA
g23094	42.8028491892173	-1.83577884412924	0.452750692692667	-4.05472343556499	5.01936530195248e-05	0.0192503570993577	NA	NA	NA	NA	NA	NA	NA	NA	NA	NA	NA	NA	NA	NA	NA	NA	NA	NA	NA	NA	NA	NA	NA	NA	NA	NA	NA	NA
g19209	20.1881700256094	3.86257864681701	1.0300343265657	3.74995138239271	0.000176868858243944	0.0415920869067651	NA	NA	NA	NA	NA	NA	NA	NA	NA	NA	NA	NA	NA	NA	NA	NA	NA	NA	NA	NA	NA	NA	NA	NA	NA	NA	NA	NA
g9821	6.14523510195268	5.61045127788585	1.50236985141778	3.7344008684621	0.000188162586576321	0.0431112253555774	NA	NA	NA	NA	NA	NA	NA	NA	NA	NA	NA	NA	NA	NA	NA	NA	NA	NA	NA	NA	NA	NA	NA	NA	NA	NA	NA	NA
g3934	32.5966822858443	4.24877493608097	1.06646888192771	3.98396522212728	6.77747955854204e-05	0.0217396898857816	NA	NA	NA	NA	NA	NA	NA	NA	NA	NA	NA	NA	NA	NA	NA	NA	NA	NA	NA	NA	NA	NA	NA	NA	NA	NA	NA	NA
g16046	564.643122522702	2.95256075964138	0.673369760544214	4.3847540127955	1.16116917135132e-05	0.00761214065588655	NA	NA	NA	NA	NA	NA	NA	NA	NA	NA	NA	NA	NA	NA	NA	NA	NA	NA	NA	NA	NA	NA	NA	NA	NA	NA	NA	NA
g6847	1187.87112709274	-0.596025480313791	0.148288750453236	-4.01935735847847	5.83570998829502e-05	0.0197987683872117	NA	NA	NA	NA	NA	NA	NA	NA	NA	NA	NA	NA	NA	NA	NA	NA	NA	NA	NA	NA	NA	NA	NA	NA	NA	NA	NA	NA
g10969	1133.44427275827	5.10554297461043	1.26998241275972	4.02016825061057	5.815659213714e-05	0.0197987683872117	NA	NA	NA	NA	NA	NA	NA	NA	NA	NA	NA	NA	NA	NA	NA	NA	NA	NA	NA	NA	NA	NA	NA	NA	NA	NA	NA	NA
g8443	15.6955554143608	4.20477454679054	1.10885662403552	3.79199118772262	0.000149444218340009	0.037664212856492	NA	NA	NA	NA	NA	NA	NA	NA	NA	NA	NA	NA	NA	NA	NA	NA	NA	NA	NA	NA	NA	NA	NA	NA	NA	NA	NA	NA
g290	3254.60993874754	-1.11406240870186	0.290582974478957	-3.83388741442776	0.00012613389042466	0.0341751183089063	NA	NA	NA	NA	NA	NA	NA	NA	NA	NA	NA	NA	NA	NA	NA	NA	NA	NA	NA	NA	NA	NA	NA	NA	NA	NA	NA	NA
g7003	89.4679771091624	-6.57310051181487	1.73641293028954	-3.78544780285576	0.00015343203803295	0.0381246199292579	NA	NA	NA	NA	NA	NA	NA	NA	NA	NA	NA	NA	NA	NA	NA	NA	NA	NA	NA	NA	NA	NA	NA	NA	NA	NA	NA	NA
g21659	32.25930735463	6.56041291492921	1.67716787414202	3.91160182357135	9.16859853095405e-05	0.0274156636073036	NA	NA	NA	NA	NA	NA	NA	NA	NA	NA	NA	NA	NA	NA	NA	NA	NA	NA	NA	NA	NA	NA	NA	NA	NA	NA	NA	NA
g8977	91.1331008330862	4.61624051670066	1.02060915101025	4.52302481525987	6.09620896548162e-06	0.00448122160704278	NA	NA	NA	NA	NA	NA	NA	NA	NA	NA	NA	NA	NA	NA	NA	NA	NA	NA	NA	NA	NA	NA	NA	NA	NA	NA	NA	NA
g17510	25.5783670555731	5.15083011663171	1.339226423981	3.84612342199782	0.000120001332681472	0.0330791173619769	NA	NA	NA	NA	NA	NA	NA	NA	NA	NA	NA	NA	NA	NA	NA	NA	NA	NA	NA	NA	NA	NA	NA	NA	NA	NA	NA	NA
g20946	77.473866658061	6.33819673828027	1.68058087036141	3.77143215780936	0.000162313289317266	0.0397712645852112	NA	NA	NA	NA	NA	NA	NA	NA	NA	NA	NA	NA	NA	NA	NA	NA	NA	NA	NA	NA	NA	NA	NA	NA	NA	NA	NA	NA
g16019	1174.4794984265	3.39636321893215	0.81050497178434	4.19042860582952	2.7842801374102e-05	0.0137487420029942	NA	NA	NA	NA	NA	NA	NA	NA	NA	NA	NA	NA	NA	NA	NA	NA	NA	NA	NA	NA	NA	NA	NA	NA	NA	NA	NA	NA
g3840	37.4226733140245	4.88163164980366	1.25354609759783	3.89425778530069	9.84998578554085e-05	0.0284874506931986	NA	NA	NA	NA	NA	NA	NA	NA	NA	NA	NA	NA	NA	NA	NA	NA	NA	NA	NA	NA	NA	NA	NA	NA	NA	NA	NA	NA
g4312	1904.13921647695	-1.65232920060092	0.406184933691679	-4.06792341011631	4.74339658179864e-05	0.0185962227769092	NA	NA	NA	NA	NA	NA	NA	NA	NA	NA	NA	NA	NA	NA	NA	NA	NA	NA	NA	NA	NA	NA	NA	NA	NA	NA	NA	NA
g10892	14.0681426969098	6.80253444434146	1.75195107346149	3.88283357188799	0.000103246237052705	0.0293785502271583	NA	NA	NA	NA	NA	NA	NA	NA	NA	NA	NA	NA	NA	NA	NA	NA	NA	NA	NA	NA	NA	NA	NA	NA	NA	NA	NA	NA
g22789	7.37756387077188	5.72318082982944	1.46724365435914	3.90063423537463	9.59410107898597e-05	0.0282098552059118	NA	NA	NA	NA	NA	NA	NA	NA	NA	NA	NA	NA	NA	NA	NA	NA	NA	NA	NA	NA	NA	NA	NA	NA	NA	NA	NA	NA
g4212	15.0542199314105	4.94421429420265	1.21024806794777	4.08528997082937	4.4021805231002e-05	0.0184804831908135	NA	NA	NA	NA	NA	NA	NA	NA	NA	NA	NA	NA	NA	NA	NA	NA	NA	NA	NA	NA	NA	NA	NA	NA	NA	NA	NA	NA
g12205	125.990249362477	2.22264970137542	0.554049238589722	4.01164652266819	6.02967353749825e-05	0.0198989314654593	NA	NA	NA	NA	NA	NA	NA	NA	NA	NA	NA	NA	NA	NA	NA	NA	NA	NA	NA	NA	NA	NA	NA	NA	NA	NA	NA	NA
g18244	385.309369267263	-2.02937836802774	0.5416439001578	-3.74670215511799	0.000179174617668867	0.0415920869067651	NA	NA	NA	NA	NA	NA	NA	NA	NA	NA	NA	NA	NA	NA	NA	NA	NA	NA	NA	NA	NA	NA	NA	NA	NA	NA	NA	NA
g10994	26.2559351836917	5.81850226040225	1.39733271538753	4.1640063217074	3.12711449879913e-05	0.0147942749843265	NA	NA	NA	NA	NA	NA	NA	NA	NA	NA	NA	NA	NA	NA	NA	NA	NA	NA	NA	NA	NA	NA	NA	NA	NA	NA	NA	NA
g15820	131.650423522202	2.90117896213521	0.730863651859102	3.96952147607213	7.20171160006738e-05	0.0226879635800694	NA	NA	NA	NA	NA	NA	NA	NA	NA	NA	NA	NA	NA	NA	NA	NA	NA	NA	NA	NA	NA	NA	NA	NA	NA	NA	NA	NA
g1664	1126.46997195307	1.15451929377719	0.287962873239157	4.00926439158824	6.09081906322867e-05	0.0198989314654593	NA	NA	NA	NA	NA	NA	NA	NA	NA	NA	NA	NA	NA	NA	NA	NA	NA	NA	NA	NA	NA	NA	NA	NA	NA	NA	NA	NA
g6700	14210.6874373815	-1.44855511954079	0.358903777914267	-4.03605425375827	5.43576512774335e-05	0.0195090322938929	NA	NA	NA	NA	NA	NA	NA	NA	NA	NA	NA	NA	NA	NA	NA	NA	NA	NA	NA	NA	NA	NA	NA	NA	NA	NA	NA	NA
g23472	13.8837381917139	5.81864439342236	1.52830192380348	3.80726105411261	0.000140514395925832	0.0359302619515077	NA	NA	NA	NA	NA	NA	NA	NA	NA	NA	NA	NA	NA	NA	NA	NA	NA	NA	NA	NA	NA	NA	NA	NA	NA	NA	NA	NA
g15129	245.113446888761	3.68232757288497	0.955557023842934	3.85359270143384	0.000116397164366587	0.0325949011707195	NA	NA	NA	NA	NA	NA	NA	NA	NA	NA	NA	NA	NA	NA	NA	NA	NA	NA	NA	NA	NA	NA	NA	NA	NA	NA	NA	NA
g5017	11.5128655297736	3.97491204281431	1.06619017599611	3.72814544000152	0.00019289405195636	0.0436191347422775	NA	NA	NA	NA	NA	NA	NA	NA	NA	NA	NA	NA	NA	NA	NA	NA	NA	NA	NA	NA	NA	NA	NA	NA	NA	NA	NA	NA
g6661	9.75958929282438	6.41429408414287	1.26901646318198	5.05453969293621	4.31430028610982e-07	0.000761128856475494	NA	NA	NA	NA	NA	NA	NA	NA	NA	NA	NA	NA	NA	NA	NA	NA	NA	NA	NA	NA	NA	NA	NA	NA	NA	NA	NA	NA
g11353	4516.55303933674	-1.60316416972612	0.345635265710942	-4.63831191076104	3.51266400060801e-06	0.00344280101659591	NA	NA	NA	NA	NA	NA	NA	NA	NA	NA	NA	NA	NA	NA	NA	NA	NA	NA	NA	NA	NA	NA	NA	NA	NA	NA	NA	NA
g17027	147.706635966822	-2.13930156695675	0.530573619617077	-4.03205415395645	5.52914417126542e-05	0.0195090322938929	NA	NA	NA	NA	NA	NA	NA	NA	NA	NA	NA	NA	NA	NA	NA	NA	NA	NA	NA	NA	NA	NA	NA	NA	NA	NA	NA	NA
g8842	938.281681480279	2.46111196611054	0.543480469455731	4.52842761502584	5.94242307587738e-06	0.00448122160704278	NA	NA	NA	NA	NA	NA	NA	NA	NA	NA	NA	NA	NA	NA	NA	NA	NA	NA	NA	NA	NA	NA	NA	NA	NA	NA	NA	NA
g8558	1430.04556095967	1.18781460566981	0.260024795131799	4.56808207489498	4.9220730719546e-06	0.00423518984824007	NA	NA	NA	NA	NA	NA	NA	NA	NA	NA	NA	NA	NA	NA	NA	NA	NA	NA	NA	NA	NA	NA	NA	NA	NA	NA	NA	NA
g19065	38.2003948309023	-1.26454289574458	0.288671424512539	-4.38056138698154	1.18373937049878e-05	0.00761214065588655	NA	NA	NA	NA	NA	NA	NA	NA	NA	NA	NA	NA	NA	NA	NA	NA	NA	NA	NA	NA	NA	NA	NA	NA	NA	NA	NA	NA
g11256	16.9350145487032	6.77427523427658	1.4487465460009	4.67595608974957	2.9258721351805e-06	0.00303636683581496	NA	NA	NA	NA	NA	NA	NA	NA	NA	NA	NA	NA	NA	NA	NA	NA	NA	NA	NA	NA	NA	NA	NA	NA	NA	NA	NA	NA
g3730	587.302397980345	-0.628842278713912	0.132080926859817	-4.76103774908644	1.92600015061738e-06	0.00212365591607449	NA	NA	NA	NA	NA	NA	NA	NA	NA	NA	NA	NA	NA	NA	NA	NA	NA	NA	NA	NA	NA	NA	NA	NA	NA	NA	NA	NA
g5607	250.22708089822	24.8292846921551	2.92872622685453	8.47784421243836	2.29404855876581e-17	4.04716046737464e-13	NA	NA	NA	NA	NA	NA	NA	NA	NA	NA	NA	NA	NA	NA	NA	NA	NA	NA	NA	NA	NA	NA	NA	NA	NA	NA	NA	NA
g11097	243.231075212009	2.39837962711573	0.589137154491905	4.07100385509413	4.68109746831022e-05	0.0185962227769092	NA	NA	NA	NA	NA	NA	NA	NA	NA	NA	NA	NA	NA	NA	NA	NA	NA	NA	NA	NA	NA	NA	NA	NA	NA	NA	NA	NA
g23158	41.2408265621182	3.89594214374131	0.796908053720578	4.88882265093452	1.01440830104576e-06	0.00127829937478923	NA	NA	NA	NA	NA	NA	NA	NA	NA	NA	NA	NA	NA	NA	NA	NA	NA	NA	NA	NA	NA	NA	NA	NA	NA	NA	NA	NA
g5067	8.64515633192544	6.16621831985071	1.10178817409195	5.59655518623865	2.18652743163353e-08	5.51067384983981e-05	NA	NA	NA	NA	NA	NA	NA	NA	NA	NA	NA	NA	NA	NA	NA	NA	NA	NA	NA	NA	NA	NA	NA	NA	NA	NA	NA	NA
g8557	267.378004548742	1.04136818628725	0.248613588477033	4.18870180293243	2.80554762559683e-05	0.0137487420029942	NA	NA	NA	NA	NA	NA	NA	NA	NA	NA	NA	NA	NA	NA	NA	NA	NA	NA	NA	NA	NA	NA	NA	NA	NA	NA	NA	NA
g12021	15302.2970149527	-1.77527547679833	0.472679253295406	-3.75577194137786	0.000172808003936984	0.0412882184449219	NA	NA	NA	NA	NA	NA	NA	NA	NA	NA	NA	NA	NA	NA	NA	NA	NA	NA	NA	NA	NA	NA	NA	NA	NA	NA	NA	NA
g14335	61.7397088526814	-7.38069318096998	1.77433168100853	-4.1597032054203	3.18661404265054e-05	0.0147942749843265	NA	NA	NA	NA	NA	NA	NA	NA	NA	NA	NA	NA	NA	NA	NA	NA	NA	NA	NA	NA	NA	NA	NA	NA	NA	NA	NA	NA
g8484	19.1201523416284	4.36990746084401	1.18559275735912	3.68584189952194	0.000227947834063805	0.0490421425433372	NA	NA	NA	NA	NA	NA	NA	NA	NA	NA	NA	NA	NA	NA	NA	NA	NA	NA	NA	NA	NA	NA	NA	NA	NA	NA	NA	NA
g14902	88.8216206869937	23.8182115061978	3.00351763243937	7.93010543668867	2.18959905470049e-15	1.2876302174342e-11	NA	NA	NA	NA	NA	NA	NA	NA	NA	NA	NA	NA	NA	NA	NA	NA	NA	NA	NA	NA	NA	NA	NA	NA	NA	NA	NA	NA
