transcriptID	baseMean	log2FoldChange	lfcSE	stat	pvalue	padj	PSC.0228	PSC.0187	PSC.0188	PSC.0174	PSC.0190	PSC.0231	PSC.0230	PSC.0219	PSC.0177	PSC.0186	PSC.0209	PSC.0203
1	g8558.t1	1425.59111801166	1.20403997357081	0.256864959569766	4.6874434550649	2.76639100629131e-06	0.00215601449466319	2230	2586	1819	604	786	970	2562	1912	2394	803	781	548
2	g10892.t1	14.1429529188142	6.82585145150417	1.80421626974129	3.783277850877	0.000154776468629268	0.0361038156639371	5	25	0	0	0	0	210	3	16	0	0	0
3	g12205.t1	126.18730286596	2.23786400905132	0.567700971641498	3.94197671105015	8.08128249822089e-05	0.0229009265650959	143	357	119	10	8	22	524	206	108	124	52	136
4	g3730.t1	583.916726997189	-0.613817775854036	0.121616780218389	-5.0471470692761	4.48456142715654e-07	0.000513983499098341	492	464	467	708	380	544	724	511	570	825	634	795
5	g5374.t2	31.0874373169495	8.06490022298491	1.69248612788964	4.76512042851483	1.88740886230918e-06	0.00159888149014052	11	153	113	0	0	0	151	12	0	0	0	0
6	g17510.t1	25.5922295122051	5.15327163606851	1.3855195245225	3.71937857594935	0.000199713527363111	0.0436427318154623	198	91	20	0	0	4	0	9	2	0	0	0
7	g14914.t3	24.9123994021687	7.82909880812619	1.67903047809098	4.66286878665103	3.11831589158942e-06	0.00225122811741143	41	157	7	0	0	0	65	70	0	0	0	0
8	g1748.t1	670.129384055745	-1.62924241481054	0.381834022314758	-4.26688644697957	1.98219987555357e-05	0.00919551961316326	386	285	687	473	693	1218	495	163	295	786	1341	758
9	g8977.t1	91.222272485061	4.62671743307095	1.05992429581451	4.36513952113485	1.27041645163854e-05	0.00728023357168389	541	304	113	2	0	8	73	128	0	10	3	7
10	g11899.t1	731.451457515778	1.85458138361551	0.431256623375011	4.30041252259866	1.70480458454276e-05	0.00851702885262336	2373	2083	916	353	264	738	940	248	742	203	60	96
11	g23101.t1	59.2841981712825	-2.24877488721791	0.551581411601843	-4.07695915764684	4.56285036724396e-05	0.0173707951316209	19	14	33	13	95	132	29	29	16	133	51	79
12	g11893.t1	55.2382072352368	7.01557528778513	1.27606954222754	5.49780012423033	3.84558454120096e-08	6.24394743339663e-05	14	197	63	0	0	0	218	24	258	0	0	7
13	g23103.t1	293.657889574639	-2.00292184000186	0.5042269661085	-3.97226244256613	7.11932211237739e-05	0.0218540593425334	132	58	127	101	422	275	252	236	54	619	759	365
14	g623.t1	201.07548557038	-2.35941080627191	0.484525321780308	-4.86953044600981	1.11863747607529e-06	0.00107490015723614	38	10	10	88	45	51	117	243	44	964	635	463
15	g8019.t3	9.8671369410399	6.43678036871913	1.28024963793793	5.02775410199428	4.96257662532946e-07	0.000537171349821774	30	41	17	0	0	0	46	3	4	0	0	0
16	g14335.t1	61.267636662728	-7.39189824571993	1.88017513278399	-3.931494527733	8.4419418198646e-05	0.0234975420597488	0	0	0	267	6	13	16	0	0	439	0	35
17	g15793.t1	102.402781091387	3.06130017775201	0.72026607293398	4.25023514613413	2.13546210543198e-05	0.00945621446869018	472	205	247	14	13	10	204	91	42	30	0	34
18	g3035.t1	8.21939544572944	6.32127980268084	1.11552671214499	5.66663239334354	1.45631315303422e-08	2.83748054737188e-05	6	27	16	0	0	0	39	16	15	0	0	0
19	g13468.t1	209.966453762334	5.37580886829653	1.15291897933476	4.66278113610239	3.11964479419568e-06	0.00225122811741143	386	1963	104	3	0	13	18	36	48	0	0	7
20	g17027.t1	146.34160370158	-2.12124273029907	0.538116460410314	-3.94197703724138	8.08127150507674e-05	0.0229009265650959	113	86	151	137	156	249	24	38	23	65	374	181
21	g22932.t2	59.6324572621141	9.14914415803335	2.13795324585304	4.27939393706566	1.87402915412555e-05	0.00912839600974558	0	46	207	0	0	0	422	252	0	0	0	0
22	g3945.t1	11.5913345135368	6.23958994981219	1.43489020980277	4.34847900360952	1.37084939710779e-05	0.00741934157034674	47	20	60	0	0	0	17	0	7	0	0	0
23	g14021.t2	27.6615629263125	7.95291986680087	1.53607793925926	5.17741949385458	2.24975972920285e-07	0.000292228790425255	92	32	115	0	0	0	117	38	0	0	0	0
24	g19209.t1	20.2046666657248	3.87868999068622	1.04349695014822	3.71701133399123	0.000201593402966106	0.0436427318154623	38	45	74	0	4	0	43	37	19	9	0	0
25	g21696.t1	169.765896359195	-1.18640873359454	0.299167830611039	-3.96569621530278	7.31820210466673e-05	0.0218540593425334	104	107	113	229	219	253	107	157	81	152	167	173
26	g22789.t1	7.39027689226739	5.73561186039634	1.44338839645145	3.97371343326388	7.07606916429357e-05	0.0218540593425334	5	7	0	0	0	0	55	34	17	0	0	0
27	g20804.t1	32.0525495758927	7.98327191604884	1.84476546535982	4.32752675933887	1.50793029853152e-05	0.00773171419383897	58	253	3	0	0	0	0	82	7	0	0	0
28	g11256.t1	16.9572968222984	6.7930374082403	1.48140063179753	4.58555050027056	4.52791811336128e-06	0.00304213643174935	103	69	16	0	0	0	15	18	0	0	0	0
29	g5067.t1	8.66151072167043	6.18066584992762	1.05729827967037	5.8457163591097	5.04392871348534e-09	1.0919545228172e-05	16	38	26	0	0	0	9	13	10	0	0	0
30	g6847.t1	1180.75215882297	-0.579393353341864	0.136540688227599	-4.24337507641734	2.20182965952035e-05	0.00953343313024324	1021	792	929	1031	901	1101	1718	1169	1111	1670	1629	1392
31	g11097.t1	243.356860350405	2.41417178499498	0.606735423849066	3.9789530825145	6.92193976183349e-05	0.0218540593425334	1061	776	555	50	22	26	247	121	62	108	33	71
32	g8676.t2	120.994079794039	-25.3237343864271	3.0583748533002	-8.28012771524752	1.23043247149794e-16	4.79474925493316e-13	0	0	0	0	643	172	0	0	0	0	0	0
33	g16046.t1	565.284546702964	2.96780526543923	0.69760928716741	4.2542513696883	2.09749571610034e-05	0.00945621446869018	1694	1827	1023	17	77	42	1064	903	264	225	35	349
34	g17488.t1	15.4310077878658	5.31625947664563	1.07447796010774	4.94776037668802	7.50722458356051e-07	0.000769846125189963	28	32	44	0	0	5	60	13	34	0	0	0
35	g8842.t1	938.742656596627	2.46996254749036	0.563282786522361	4.38494235327092	1.16016497915805e-05	0.00706395451684858	4444	3890	945	300	62	525	697	471	182	112	31	144
36	g10898.t1	64.6992070826944	5.82980722862799	1.34322055765952	4.34017123649899	1.42371727918592e-05	0.00749721823450231	178	334	181	6	0	0	122	23	0	0	0	3
37	g12821.t1	450.297436615593	-27.3623795530373	3.00374990692431	-9.10940670858147	8.28336989495553e-20	1.61393179033313e-15	0	0	0	0	118	0	0	0	0	6303	212	0
38	g17719.t1	257.743061672569	2.2544762309128	0.556413254295039	4.05180181009376	5.0824709821596e-05	0.0180048844757087	938	239	315	30	41	129	705	602	233	81	27	182
39	g3867.t3	18.1291754387014	2.89330520199822	0.697794241503999	4.1463586683692	3.37804529981959e-05	0.0140037946003585	50	61	35	3	4	1	12	33	19	9	0	4
40	g14601.t1	165.414994154586	8.44684852061402	2.06609210189641	4.08832138357282	4.34505913805446e-05	0.0172773739277251	207	1687	4	3	0	0	0	130	0	0	0	0
41	g23158.t1	41.2675777335231	3.92070968372859	0.806298955503052	4.86260047463716	1.15853537784638e-06	0.00107490015723614	195	155	83	5	6	25	35	7	4	0	0	0
42	g16461.t1	316.3960136469	-3.22996598753164	0.8266307842275	-3.90738652510999	9.32998351832277e-05	0.0252479720654168	61	12	41	70	1000	93	139	99	126	628	766	72
43	g8557.t1	266.658175673508	1.0570343635932	0.242552002703757	4.35797005100066	1.31274341810536e-05	0.00730785507381853	344	213	291	115	89	99	794	371	621	325	207	155
44	g22586.t1	57.0410476407534	4.21321515823987	0.798331597534302	5.27752524296001	1.30940171689596e-07	0.000196249100400007	355	228	53	3	11	21	18	10	9	0	0	0
45	g10994.t1	26.2961765349229	5.83736196511348	1.44547635336859	4.03836558896994	5.38249205964611e-05	0.0186713879622384	120	151	19	0	3	0	11	28	0	0	0	0
46	g9821.t1	6.15161466703463	5.6220427437593	1.46710004291294	3.8320786444779	0.000127065103993544	0.0321524218988339	8	6	0	0	0	0	37	28	16	0	0	0
47	g3840.t1	37.3808784012868	4.94250848948764	1.29357066578341	3.82082604392887	0.000133005444093163	0.0328035199077367	108	136	54	12	16	0	11	118	8	0	0	0
48	g23108.t1	2252.419761047	-1.82276361939131	0.44798327986696	-4.06882064869167	4.72517009841875e-05	0.0173707951316209	1267	489	901	1032	3267	2691	2214	1922	552	3887	4454	3101
49	g18086.t1	292.177173164375	0.885535252780739	0.193445735562024	4.57769332680281	4.70131235944519e-06	0.00305334566704767	256	274	264	114	69	81	619	559	689	361	348	300
50	g1067.t2	48.8228629358186	8.57096407598657	2.10292951571707	4.07572579676498	4.58710466851792e-05	0.0173707951316209	0	0	89	0	0	0	40	435	108	0	0	0
51	g535.t2	238.541193237685	3.98612652288039	1.0666047261522	3.73721063215275	0.000186073041719898	0.0420136593359051	673	1596	437	3	3	160	4	5	6	0	0	0
52	g1623.t1	360.218847360206	1.75898829707738	0.442941287977216	3.97115451826622	7.15251677192168e-05	0.0218540593425334	559	808	374	116	35	61	1462	403	381	338	187	388
53	g12314.t1	32.8713215507592	7.18339868420253	1.27935778235338	5.61484737364761	1.96735820753585e-08	3.48472793778442e-05	45	312	25	0	0	0	6	12	5	0	0	0
54	g16982.t1	22.7567459688395	5.46211566818504	1.29438598981581	4.21985073321313	2.44464124686139e-05	0.0103546500117059	24	167	13	0	0	8	14	21	39	0	0	0
55	g9649.t1	9686.97412335491	-2.19362315909424	0.560550659501381	-3.91333614886031	9.10296756827071e-05	0.024980594380308	6274	2959	4047	20529	20012	21564	1184	2105	911	759	7697	2186
56	g11353.t1	4480.20322030054	-1.58630850827343	0.349847703212059	-4.53428304290423	5.77994783525278e-06	0.00363279043942146	4316	1125	2223	4351	4589	6303	4251	2810	1326	6077	8385	6151
57	g5017.t1	11.5155527714754	3.97481323622192	1.0502999459312	3.78445533737302	0.000154045567020833	0.0361038156639371	7	26	44	8	0	4	28	17	18	0	0	0
58	g3934.t1	32.5676285950584	4.29555265076674	1.08993077854021	3.94112427627739	8.11005919211466e-05	0.0229009265650959	81	134	85	0	21	4	27	17	25	0	0	0
59	g15820.t1	131.905485260575	2.90687692231697	0.759564056545419	3.82703327950742	0.000129696985472957	0.0323976418583986	375	711	236	13	5	56	94	82	40	26	0	20
60	g23378.t1	200.522641318522	8.12396115176882	2.17499964601705	3.73515516043681	0.000187599484819531	0.0420136593359051	455	1769	3	10	0	0	0	251	0	0	0	0
61	g23472.t1	13.9414712447065	5.83978656319251	1.54599508393514	3.77736425159132	0.000158496843107701	0.0363312057777699	6	131	13	0	1	0	20	6	0	0	0	0
62	g16019.t1	1175.94166618743	3.41428913834439	0.841849304409073	4.05570108624252	4.99841488321321e-05	0.0180048844757087	4727	4699	1940	36	189	33	2095	857	298	321	6	244
63	g23104.t1	1407.92029667908	-1.96875872216194	0.496790819636319	-3.96295310690966	7.40283266581401e-05	0.0218540593425334	640	364	628	448	2171	1723	1390	1000	214	3050	2197	2277
64	g14901.t1	63.2941230750128	9.24038693059312	2.38007982693316	3.88238529902578	0.000103436810590354	0.0276077098293488	159	302	0	0	0	0	1	363	0	0	0	0
65	g1326.t1	5424.78555522366	4.37958218993049	1.08542193384277	4.03491218795004	5.46227219178602e-05	0.0186713879622384	8428	55296	613	45	20	321	145	934	154	171	86	94
66	g241.t3	44.5224098217257	5.80131000957281	1.12016246064729	5.17898984600902	2.23090610717917e-07	0.000292228790425255	120	211	199	0	0	4	11	6	0	0	0	0
67	g6700.t1	14041.63126766	-1.42995169513964	0.360492754299681	-3.9666586306778	7.28872706280202e-05	0.0218540593425334	15952	5580	9723	19317	29147	22019	5323	4964	3333	7304	10510	6039
68	g10969.t1	1137.81662830756	5.11797361164279	1.32701174966295	3.85676585979192	0.000114897121750142	0.0298487402690636	1989	11473	26	30	0	16	9	321	13	39	13	15
69	g23094.t1	42.4432410667289	-1.81510513771663	0.443314735807589	-4.0943938721325	4.23274236911291e-05	0.0171814067332908	13	9	7	31	19	18	67	27	23	119	182	39
70	g362.t1	1493.74967944922	0.544260149638662	0.146014615901825	3.72743609451128	0.000193437587387238	0.0428288403710562	1561	1451	1309	802	537	853	3813	2378	2423	2162	1114	1543
71	g20825.t2	213.787996957989	7.81696423843558	2.03170280500888	3.84749394407683	0.000119332226000958	0.0305930143605614	400	1168	768	0	12	0	430	0	0	0	0	0
72	g15129.t1	245.495513545194	3.68584857515341	0.997536763725486	3.69495011029762	0.000219929966485862	0.0470891809561597	1077	1038	414	2	4	56	159	290	25	43	0	35
73	g19065.t1	37.9579317882544	-1.24578064385753	0.268975103942659	-4.63158346477713	3.62879652796942e-06	0.00252512398396272	13	20	21	40	26	41	56	22	34	66	65	62
74	g782.t1	965.047951498212	6.28753440353786	1.6625444411627	3.7818744857976	0.000155651843346885	0.0361038156639371	2438	9116	21	0	18	9	0	220	23	11	0	0
75	g10608.t1	2344.9062195141	5.92174584315194	1.35518429730296	4.36969780046685	1.24418597163393e-05	0.00728023357168389	5374	22694	41	21	5	23	24	534	27	61	0	11
76	g5607.t1	251.384689159593	24.6012972831167	2.92930360240318	8.39834330007102	4.52821713491271e-17	2.20569456641598e-13	154	2869	0	0	0	0	4	28	0	0	0	0
77	g2330.t1	14.0736110288989	6.13077688199484	1.43586724054572	4.26973797359202	1.95702743195858e-05	0.00919551961316326	40	82	41	0	0	0	0	3	8	0	0	0
78	g6661.t1	9.76439271993197	6.43020611599666	1.2507744298135	5.14097983035633	2.73309395532837e-07	0.000332822516410112	68	8	13	0	0	0	32	11	6	0	0	0
79	g20615.t1	18.2548630550915	-4.85512140104971	1.01458607508265	-4.78532233024607	1.70713141162761e-06	0.00151189765564328	0	0	0	6	16	17	10	6	0	17	89	56
80	g4312.t1	1884.68805514979	-1.63368803926403	0.410861243049111	-3.97625248645989	7.00097937587242e-05	0.0218540593425334	794	456	1024	1563	3370	2131	1774	1513	944	2583	2568	1865
81	g1664.t1	1124.67320370864	1.16719903576784	0.293936644178135	3.97092046495733	7.15954797898139e-05	0.0218540593425334	1752	2977	1648	473	456	757	1540	1328	1292	830	326	760
82	g1077.t1	66.3023766939496	23.0626171239452	2.57511263539381	8.95596441373455	3.36778622211135e-19	3.28089733758087e-15	16	777	0	0	0	0	0	11	0	0	0	0
83	g11651.t4	73.8497447203202	9.08796578964116	1.52845489463341	5.94585147494381	2.75023438083303e-09	6.69819583451884e-06	132	489	133	0	0	0	82	115	0	0	0	0
84	g18628.t3	11.7468366319032	5.77595047301963	1.51825708034834	3.80432968025047	0.000142188705312512	0.0346300591788623	10	98	28	0	0	0	4	5	0	0	0	0
85	g19024.t2	63.1878614524832	-6.15618247419653	0.994951947508947	-6.18741687938771	6.11580758396306e-10	1.70229135665623e-06	4	7	12	183	151	18	0	0	0	19	156	46
86	g11398.t3	30.0468134807085	3.45064754753173	0.891884481211057	3.86894000313383	0.00010930953315748	0.0287809046491938	59	88	125	0	6	6	33	27	27	0	0	9
87	g10460.t2	71.9575919387354	1.21461908073937	0.329528548613631	3.68592974978779	0.000227869206634261	0.0482587350224125	117	86	131	28	13	46	165	81	125	33	66	59
88	g8443.t1	15.7222785375854	4.22004924454113	1.11086911167112	3.79887171243131	0.000145356302205249	0.0349644715082354	17	102	15	0	3	10	14	18	16	0	0	0
89	g14902.t1	89.0307178329037	23.8275832370812	2.75848816658005	8.63791388549708	5.7248742720036e-18	3.71811501052394e-14	197	601	0	0	0	0	0	337	0	0	0	0
90	g22158.t1	203.085028345857	24.6353751387711	3.00697527243947	8.19274284180764	2.55339349036748e-16	8.29171979438665e-13	104	2340	0	0	0	0	0	21	0	0	0	0
91	g7620.t1	207787.736736937	-0.732684203105853	0.156191464270269	-4.69093625909057	2.71957692800919e-06	0.00215601449466319	194698	176682	192666	199807	159001	279220	204191	143932	161210	249393	285610	209089
92	g4212.t1	15.0914392975719	4.95821671140994	1.21757436778876	4.07220851767318	4.65694597782213e-05	0.0173707951316209	13	39	78	0	0	7	46	6	13	0	0	0
